108
0 -1.0000000000000002 -1.0000000000000002 -1.0000000000000002 1.1102230246251565e-16 -0.0 1.1102230246251565e-16 -0.0 -1.0000000000000002 -1.0000000000000002 -1.0000000000000002 2.220446049250313e-16 2.220446049250313e-16 2.7755575615628914e-16 -0.0 -0.0 -0.0 1.0000000000000002 1.0000000000000002 1.0000000000000002 0.5000000000000002 0.5000000000000002 0.5000000000000002 0.4999999999999994 0.49999999999999944 0.4999999999999994 -0.0 -0.0 -0.0 0.49999999999999983 0.49999999999999983 0.49999999999999983 -0.0 -3.0 -0.0 -0.0 -0.0 0.4999999999999995 0.4999999999999995 0.4999999999999995 0.5000000000000001 0.5000000000000001 0.5000000000000001 -0.0 -0.0 -0.0 -0.49999999999999983 -0.49999999999999983 -0.49999999999999983 1.0 1.0 1.0 0.49999999999999967 0.49999999999999967 0.49999999999999967 0.49999999999999967 0.49999999999999967 0.49999999999999967 -1.0000000000000004 -1.0000000000000004 -1.0000000000000004 0.5 0.5 0.5 0.5000000000000006 0.5000000000000007 0.5000000000000007 -1.0 -1.0 -1.0 -0.5000000000000004 -0.5000000000000004 -0.5000000000000006 -0.5000000000000006 -0.5000000000000006 -0.5000000000000006 -7.762525200388967e-17 -0.5000000000000004 -0.5000000000000004 -0.5000000000000004 0.5000000000000004 0.5000000000000003 0.5000000000000003 -0.9999999999999999 -0.9999999999999999 -0.9999999999999999 -0.0 -0.0 0.5000000000000001 0.5000000000000001 0.5000000000000001 1.5 -1.0000000000000002 -1.0 -1.0 0.49999999999999983 0.49999999999999983 0.49999999999999983 -0.4999999999999995 -0.4999999999999995 -0.4999999999999995 1.5 0.9999999999999998 0.9999999999999998 0.9999999999999998 -0.4999999999999993 -0.4999999999999993 -0.4999999999999993
0 2.220446049250313e-16 2.220446049250313e-16 2.220446049250313e-16 -3.3306690738754696e-16 -3.3306690738754696e-16 -3.3306690738754696e-16 -0.0 -3.3306690738754696e-16 -3.3306690738754696e-16 -3.3306690738754696e-16 3.3306690738754696e-16 3.3306690738754696e-16 3.3306690738754696e-16 -0.0 -0.0 -0.0 -1.579458487122459e-16 -1.579458487122459e-16 -1.579458487122459e-16 0.8660254037844385 0.8660254037844384 0.8660254037844385 -0.8660254037844393 -0.8660254037844393 -0.8660254037844393 -0.0 -0.0 -0.0 -0.8660254037844388 -0.8660254037844388 -0.8660254037844388 -0.0 -0.0 -0.0 -0.0 -0.0 -0.8660254037844384 -0.8660254037844384 -0.8660254037844384 0.8660254037844383 0.8660254037844384 0.8660254037844384 -0.0 -0.0 -0.0 0.8660254037844393 0.8660254037844393 0.8660254037844393 -1.1102230246251565e-16 -1.1102230246251565e-16 -1.1102230246251565e-16 -0.866025403784439 -0.866025403784439 -0.866025403784439 -0.866025403784439 -0.866025403784439 -0.866025403784439 6.106226635438361e-16 5.551115123125783e-16 6.106226635438361e-16 0.8660254037844388 0.8660254037844388 0.8660254037844388 0.8660254037844384 0.8660254037844384 0.8660254037844384 4.996003610813204e-16 4.440892098500626e-16 4.996003610813204e-16 -0.8660254037844384 -0.8660254037844384 -0.8660254037844384 -0.8660254037844384 -0.8660254037844384 -0.8660254037844384 5.379363023495229e-16 -0.8660254037844383 -0.8660254037844383 -0.8660254037844383 0.8660254037844388 0.8660254037844388 0.8660254037844388 3.3306690738754696e-16 3.3306690738754696e-16 3.3306690738754696e-16 -0.0 -0.0 0.8660254037844384 0.8660254037844383 0.8660254037844384 -2.598076211353316 3.3306690738754696e-16 3.3306690738754696e-16 3.3306690738754696e-16 -0.8660254037844388 -0.8660254037844388 -0.8660254037844388 0.8660254037844393 0.8660254037844393 0.8660254037844393 2.598076211353316 2.6546796681450933e-16 2.6546796681450933e-16 2.6546796681450933e-16 0.8660254037844389 0.8660254037844389 0.8660254037844389
7 22 20 21 28 26 27 33 29 30 31 34 35 36 12 13 11 19 17 18 66 64 65 61 62 63 44 45 43 39 37 38 76 0 16 14 15 9 10 8 83 84 85 4 5 6 73 74 75 70 71 72 59 60 58 25 23 24 69 67 68 56 57 55 3 1 2 52 53 54 100 98 99 102 103 104 101 79 77 78 88 89 90 93 94 92 91 86 95 96 97 87 42 40 41 80 81 82 50 51 49 32 46 47 48 107 105 106 
21 19 74 72 22 60 57 66 33 14 27 65 24 68 20 55 58 31 37 8 98 17 102 103 71 78 23 64 67 11 44 0 56 1 61 52 3 7 36 4 15 26 101 63 2 54 83 89 10 29 88 40 50 106 104 51 77 75 70 107 47 100 79 46 48 49 18 73 99 105 97 85 38 95 30 92 25 84 93 42 87 13 45 43 32 12 69 59 35 5 86 53 6 76 34 28 91 16 9 81 94 62 39 41 82 90 96 80 
22 70 17 75 55 20 58 64 28 33 15 69 66 25 59 21 56 9 29 38 103 99 18 79 104 72 68 24 65 0 12 45 57 2 1 62 53 5 7 34 101 16 27 52 61 3 8 84 90 41 30 89 102 51 107 73 49 78 48 71 105 47 98 77 19 46 50 106 74 100 39 95 83 93 96 31 23 40 85 94 43 87 11 13 44 32 67 60 86 36 6 54 35 4 76 14 26 91 92 10 82 63 80 37 42 81 88 97 
20 73 71 18 59 56 21 65 16 26 33 23 67 64 57 60 22 39 10 30 19 104 100 70 77 102 66 69 25 43 0 13 55 3 54 2 63 35 6 7 28 101 14 1 53 62 88 9 85 90 42 31 105 103 49 79 74 50 106 46 72 78 48 99 51 17 47 98 107 75 84 37 96 29 94 97 24 92 41 83 12 44 87 32 11 45 68 58 4 86 34 52 76 36 5 91 15 27 80 93 8 61 40 81 38 95 82 89 
27 66 23 68 11 13 12 44 31 85 82 33 101 91 7 76 86 72 98 49 52 1 63 60 20 56 34 36 35 94 89 37 26 4 32 87 0 8 40 95 81 30 84 15 14 16 78 106 17 102 73 46 24 69 64 3 62 54 61 53 2 65 25 67 57 58 21 22 55 59 104 75 48 107 18 79 43 100 51 71 90 38 92 39 93 88 45 28 9 41 96 5 10 42 97 83 80 29 74 47 103 6 19 77 105 70 99 50 
28 69 64 24 13 12 11 45 80 29 83 91 33 101 86 7 76 50 70 99 61 53 2 57 58 21 36 35 34 38 92 90 27 5 0 32 87 96 9 41 85 82 31 14 16 15 18 79 107 47 103 74 65 25 67 52 1 63 3 62 54 68 66 23 22 55 59 60 20 56 46 102 73 77 105 19 44 72 98 49 93 88 39 89 37 94 43 26 97 10 42 6 95 8 40 30 84 81 104 75 48 4 106 17 78 51 71 100 
26 25 67 65 12 11 13 43 84 81 30 101 91 33 76 86 7 100 51 71 3 62 54 22 55 59 35 34 36 88 39 93 28 6 87 0 32 42 97 10 29 83 80 16 15 14 105 19 77 75 48 104 68 66 23 61 53 2 52 1 63 24 69 64 60 20 56 57 58 21 74 47 103 17 78 106 45 50 70 99 37 94 89 92 90 38 44 27 40 95 8 4 41 96 9 82 31 85 46 102 73 5 79 107 18 98 49 72 
33 65 66 64 43 44 45 0 39 37 38 16 14 15 35 36 34 18 19 17 2 3 1 56 57 55 5 6 4 8 9 10 101 7 11 12 13 30 31 29 93 94 92 28 26 27 102 103 104 100 98 99 67 68 69 63 61 62 54 52 53 23 24 25 21 22 20 59 60 58 49 50 51 46 47 48 32 78 79 77 95 96 97 40 41 42 87 91 80 81 82 86 85 83 84 88 89 90 71 72 70 76 73 74 75 106 107 105 
31 33 44 36 39 89 92 37 19 98 48 29 85 81 9 40 97 21 66 1 14 0 4 26 12 76 41 10 95 49 74 17 84 8 94 88 38 18 72 102 51 103 79 83 30 82 63 60 64 65 52 55 35 91 45 15 32 6 16 87 5 34 101 43 27 11 7 28 13 86 58 24 3 67 2 57 93 56 25 62 107 99 104 46 77 71 90 80 50 47 105 96 75 78 100 73 106 70 20 68 61 42 22 23 54 69 53 59 
29 34 33 45 93 37 90 38 46 17 99 82 30 83 95 10 41 2 22 64 5 15 0 76 27 13 96 42 8 18 50 75 85 9 39 92 89 103 19 70 77 49 104 80 84 31 65 61 58 56 66 53 43 36 91 4 16 32 6 14 87 44 35 101 7 28 12 86 26 11 1 59 25 55 68 3 94 63 57 23 102 105 100 72 47 78 88 81 106 51 48 97 98 73 79 71 74 107 62 21 69 40 52 20 24 60 67 54 
30 43 35 33 88 94 38 39 100 47 18 84 80 31 42 96 8 65 3 20 0 6 16 11 76 28 9 97 40 73 19 51 83 10 90 37 93 71 104 17 102 78 50 29 81 85 59 66 62 54 57 64 91 44 34 32 5 14 87 4 15 101 45 36 13 7 26 12 86 27 23 2 60 1 56 69 92 24 61 55 98 103 106 79 70 48 89 82 46 107 49 95 77 99 74 105 72 75 67 63 22 41 25 53 21 52 58 68 
36 21 60 55 33 91 101 14 37 88 92 4 6 5 44 43 45 48 74 102 24 66 67 2 52 62 32 0 87 97 41 8 34 11 26 28 27 31 81 83 38 89 93 76 7 86 51 99 72 19 107 78 20 59 57 68 25 64 65 69 23 58 56 22 54 61 1 63 3 53 105 79 17 50 98 71 15 103 46 75 96 40 10 95 42 9 16 35 85 30 80 13 82 84 29 39 90 94 18 106 77 12 49 100 70 104 47 73 
34 56 22 58 101 33 91 15 93 38 89 6 5 4 43 45 44 103 46 75 68 25 64 63 3 53 87 32 0 9 95 42 35 12 28 27 26 84 29 82 94 39 90 86 76 7 70 49 100 79 17 105 55 21 60 65 69 23 24 66 67 20 59 57 2 52 62 54 61 1 18 106 77 72 51 99 16 73 104 47 8 97 41 10 96 40 14 36 81 83 31 11 30 80 85 92 37 88 78 19 107 13 71 50 98 74 102 48 
35 59 57 20 91 101 33 16 90 94 39 5 4 6 45 44 43 73 104 47 65 69 23 54 61 1 0 87 32 40 10 96 36 13 27 26 28 80 85 30 88 92 37 7 86 76 98 71 50 106 77 18 58 56 22 24 66 67 68 25 64 55 21 60 63 3 53 2 52 62 78 19 107 100 70 49 14 48 74 102 42 9 95 41 8 97 15 34 29 82 84 12 83 31 81 89 93 38 105 79 17 11 99 72 51 46 75 103 
11 61 1 54 76 7 86 36 83 31 81 45 44 43 28 27 26 74 102 48 60 55 21 25 64 68 91 101 33 37 88 92 12 14 4 6 5 41 8 97 84 29 82 87 32 0 49 100 70 77 18 106 63 3 53 22 58 56 57 20 59 2 52 62 66 67 24 69 23 65 19 107 78 51 99 72 34 46 75 103 39 90 94 38 89 93 35 13 96 40 10 16 9 95 42 85 30 80 79 17 105 15 50 98 71 47 73 104 
12 52 62 2 86 76 7 34 82 84 29 44 43 45 27 26 28 46 75 103 22 58 56 69 23 65 33 91 101 93 38 89 13 15 6 5 4 95 42 9 80 85 30 0 87 32 71 50 98 107 78 19 54 61 1 57 20 59 60 55 21 63 3 53 25 64 68 66 67 24 79 17 105 70 49 100 35 104 47 73 92 37 88 94 39 90 36 11 8 97 41 14 40 10 96 81 83 31 106 77 18 16 72 51 99 102 48 74 
13 3 53 63 7 86 76 35 30 80 85 43 45 44 26 28 27 104 47 73 57 20 59 66 67 24 101 33 91 90 94 39 11 16 5 4 6 10 96 40 31 81 83 32 0 87 99 72 51 17 105 79 2 52 62 60 55 21 22 58 56 54 61 1 69 23 65 25 64 68 106 77 18 98 71 50 36 74 102 48 89 93 38 88 92 37 34 12 42 9 95 15 97 41 8 29 82 84 19 107 78 14 100 70 49 75 103 46 
18 39 9 31 73 103 48 19 65 2 21 100 50 72 71 99 49 33 0 7 37 10 29 94 42 83 74 104 46 22 66 3 78 17 70 98 51 20 64 1 63 56 24 102 47 75 28 44 6 16 12 36 80 89 97 93 41 85 90 95 81 84 92 40 38 8 30 88 96 82 34 14 13 4 26 45 79 101 32 76 52 60 69 25 61 57 106 105 67 53 58 107 62 55 23 59 68 54 35 15 11 77 43 5 27 87 86 91 
19 29 37 10 46 74 104 17 22 66 3 70 98 51 50 72 100 7 33 0 30 38 8 84 92 40 47 75 102 1 20 64 79 18 49 71 99 2 21 65 25 61 57 73 103 48 4 26 45 34 14 13 95 81 90 83 94 42 82 88 96 41 85 93 31 39 9 80 89 97 11 35 15 43 5 27 77 76 101 32 67 53 58 55 23 62 107 106 59 68 54 105 24 63 56 52 60 69 12 36 16 78 28 44 6 91 87 86 
17 8 30 38 102 47 75 18 1 20 64 49 71 99 98 51 70 0 7 33 9 31 39 41 85 93 103 48 73 65 2 21 77 19 100 50 72 66 3 22 55 23 62 46 74 104 43 5 27 11 35 15 88 96 82 40 84 92 97 80 89 94 42 83 10 29 37 95 81 90 16 12 36 28 44 6 78 32 76 101 59 68 54 63 56 24 105 107 52 60 69 106 57 25 61 67 53 58 14 13 34 79 4 26 45 86 91 87 
65 100 19 104 25 66 69 3 43 0 13 54 2 63 67 64 23 30 39 10 47 51 17 78 48 99 53 62 1 7 35 6 24 20 22 57 60 26 33 16 32 11 45 59 56 21 29 94 97 84 37 96 46 72 106 102 70 77 75 98 107 74 50 79 18 73 71 105 103 49 8 80 93 40 81 38 61 83 92 41 4 86 34 36 5 76 52 68 91 15 27 58 14 28 101 12 44 87 42 31 90 55 88 9 85 89 95 82 
66 102 98 17 67 23 64 1 11 44 0 61 52 3 24 68 65 8 31 37 18 48 49 100 79 46 2 54 63 4 7 36 25 21 58 20 55 14 27 33 43 32 12 22 60 57 95 30 92 97 85 38 107 47 70 78 103 71 105 73 99 77 75 51 72 19 74 50 106 104 94 9 81 39 41 82 62 42 84 93 35 5 86 76 34 6 53 69 28 91 16 59 101 15 26 87 13 45 88 40 29 56 83 89 10 80 90 96 
64 18 103 99 65 68 24 2 0 12 45 1 62 53 66 25 69 38 9 29 50 19 46 47 98 77 61 3 52 34 5 7 23 22 56 59 21 33 15 28 13 44 32 55 20 58 93 96 31 39 95 83 71 105 48 72 79 104 100 106 74 49 78 73 75 70 17 102 51 107 82 92 10 80 37 42 63 94 40 85 86 36 6 4 76 35 54 67 14 26 91 60 27 101 16 43 87 11 30 89 41 57 8 84 90 97 81 88 
63 104 72 79 3 52 61 57 35 4 76 59 21 56 53 1 62 85 94 40 77 47 98 71 105 48 55 20 58 27 101 16 54 23 66 25 69 13 44 32 6 86 36 24 65 68 31 93 96 30 89 41 19 46 50 107 102 51 17 75 70 106 74 100 49 78 73 99 18 103 95 83 39 42 80 37 60 81 88 97 15 28 33 91 14 26 22 2 45 0 12 64 87 11 43 7 34 5 10 82 92 67 90 8 84 38 9 29 
61 77 102 70 62 1 53 55 76 36 5 57 60 22 63 54 2 41 83 92 99 78 48 46 72 106 59 56 21 14 28 101 52 24 67 64 23 32 11 45 34 4 86 69 25 66 97 29 94 42 31 90 51 17 47 49 105 103 71 18 73 98 107 75 74 50 79 104 100 19 37 96 84 38 40 81 58 95 82 89 33 16 26 27 91 15 20 3 13 43 0 65 44 87 12 6 7 35 93 8 80 68 85 88 9 30 39 10 
62 71 78 103 54 63 2 56 6 76 34 20 55 58 3 61 52 93 42 84 46 100 79 107 47 70 22 60 57 101 15 26 53 25 24 68 65 43 32 12 86 35 5 64 67 23 92 95 30 88 40 29 48 49 18 104 50 106 74 72 19 73 99 105 77 75 51 17 102 98 85 38 97 82 39 41 59 90 96 80 27 33 14 16 28 91 21 1 0 11 44 66 13 45 87 36 4 7 81 94 9 69 10 83 89 8 31 37 
43 54 3 62 36 35 34 6 88 39 93 87 0 32 91 33 101 71 100 51 56 60 20 24 69 64 15 14 16 10 42 97 45 26 7 76 86 81 30 84 92 90 38 12 11 13 17 78 106 74 47 103 1 63 52 59 22 55 21 57 58 53 2 61 65 25 67 68 66 23 73 46 102 79 107 18 5 99 50 70 40 95 8 96 9 41 4 44 82 31 85 27 80 29 83 37 94 89 48 104 75 28 105 19 77 72 98 49 
44 63 52 1 35 34 36 4 94 89 37 32 87 0 101 91 33 49 72 98 21 57 58 65 25 67 14 16 15 95 8 40 43 27 86 7 76 85 82 31 39 93 88 11 13 12 107 18 79 104 75 48 53 2 61 56 60 20 59 22 55 62 54 3 68 66 23 24 69 64 103 74 47 19 77 105 6 71 100 51 9 41 96 42 97 10 5 45 83 80 29 28 84 81 30 90 38 92 73 46 102 26 78 106 17 50 70 99 
45 2 61 53 34 36 35 5 38 92 90 0 32 87 33 101 91 99 50 70 59 22 55 68 66 23 16 15 14 41 96 9 44 28 76 86 7 29 83 80 89 37 94 13 12 11 77 105 19 46 102 73 62 54 3 21 57 58 56 60 20 1 63 52 24 69 64 65 25 67 48 104 75 106 17 78 4 49 72 98 97 10 42 8 40 95 6 43 30 84 81 26 31 85 82 93 88 39 103 74 47 27 18 79 107 100 51 71 
38 0 5 15 8 96 42 9 18 50 75 39 92 89 30 83 82 64 2 22 12 7 28 44 35 101 84 31 80 70 103 19 94 29 41 95 10 17 99 46 72 47 78 93 37 90 55 68 3 1 59 25 14 87 6 13 76 27 11 86 26 16 32 4 45 34 33 43 36 91 69 62 21 52 20 24 40 23 63 57 106 51 48 73 79 98 97 88 71 74 107 81 104 77 49 102 105 100 66 53 56 85 65 61 58 54 60 67 
39 16 0 6 40 9 97 10 73 19 51 90 37 93 80 31 84 20 65 3 26 13 7 101 45 36 81 85 29 17 71 104 92 30 8 42 96 47 18 100 79 70 48 88 94 38 1 56 69 23 2 60 4 15 87 28 11 76 27 12 86 5 14 32 33 43 35 91 44 34 22 67 63 25 53 21 41 55 24 61 46 107 49 99 74 77 95 89 105 72 75 82 50 102 78 98 103 106 57 64 54 83 59 66 62 68 52 58 
37 4 14 0 95 41 10 8 49 74 17 94 88 38 85 81 29 1 21 66 7 27 11 34 101 43 30 82 83 102 18 72 93 31 97 9 40 98 48 19 46 77 71 39 89 92 67 2 57 58 24 3 87 5 16 76 26 12 86 28 13 32 6 15 36 33 44 35 91 45 61 20 68 22 23 54 42 62 56 25 50 47 105 78 100 75 96 90 73 106 70 80 79 51 103 107 99 104 52 55 65 84 63 60 64 59 69 53 
76 57 55 56 27 28 26 101 85 83 84 35 36 34 13 11 12 79 77 78 25 23 24 52 53 54 43 44 45 92 93 94 86 32 14 15 16 40 41 42 82 80 81 6 4 5 48 46 47 98 99 100 21 22 20 69 67 68 66 64 65 59 60 58 61 62 63 3 1 2 50 51 49 75 73 74 91 106 107 105 38 39 37 90 88 89 33 7 10 8 9 0 96 97 95 31 29 30 72 70 71 87 104 102 103 17 18 19 
0 1 2 3 4 5 6 7 8 9 10 11 12 13 14 15 16 17 18 19 20 21 22 23 24 25 26 27 28 29 30 31 32 33 34 35 36 37 38 39 40 41 42 43 44 45 46 47 48 49 50 51 52 53 54 55 56 57 58 59 60 61 62 63 64 65 66 67 68 69 70 71 72 73 74 75 76 77 78 79 80 81 82 83 84 85 86 87 88 89 90 91 92 93 94 95 96 97 98 99 100 101 102 103 104 105 106 107 
15 64 68 25 0 87 32 12 9 95 42 28 27 26 5 4 6 75 103 46 62 2 52 20 59 57 76 7 86 82 84 29 16 34 44 43 45 38 89 93 10 96 40 101 33 91 72 51 99 18 106 77 66 67 24 53 63 3 1 54 61 69 23 65 58 56 22 55 21 60 107 78 19 71 50 98 13 47 73 104 81 83 31 80 85 30 11 14 92 37 88 36 90 94 39 8 97 41 17 105 79 35 70 49 100 48 74 102 
16 23 65 69 32 0 87 13 40 10 96 27 26 28 4 6 5 47 73 104 53 63 3 55 21 60 86 76 7 30 80 85 14 35 43 45 44 94 39 90 41 8 97 91 101 33 100 70 49 78 19 107 25 64 68 1 54 61 62 2 52 66 67 24 20 59 57 58 56 22 17 105 79 99 72 51 11 102 48 74 29 82 84 31 81 83 12 15 89 93 38 34 37 88 92 42 9 95 77 18 106 36 98 71 50 103 46 75 
14 67 24 66 87 32 0 11 97 41 8 26 28 27 6 5 4 102 48 74 1 54 61 58 56 22 7 86 76 83 31 81 15 36 45 44 43 88 92 37 95 42 9 33 91 101 50 98 71 105 79 17 69 23 65 62 2 52 53 63 3 25 64 68 55 21 60 20 59 57 77 18 106 49 100 70 12 75 103 46 85 30 80 84 29 82 13 16 39 90 94 35 93 38 89 96 40 10 107 78 19 34 51 99 72 73 104 47 
8 11 7 27 83 30 82 31 102 18 72 97 9 40 88 38 94 66 1 21 44 36 33 32 6 15 89 92 39 19 98 48 42 37 29 85 81 74 17 49 78 100 75 95 41 10 22 23 54 61 20 68 28 13 86 43 34 101 45 35 91 26 12 76 0 4 14 87 5 16 65 52 55 63 60 64 84 25 62 56 73 106 70 51 103 79 80 96 107 99 104 90 71 46 77 50 47 105 24 3 58 93 67 2 57 53 59 69 
9 28 12 7 80 84 31 29 70 103 19 41 95 10 92 89 39 22 64 2 33 45 34 16 32 4 37 90 93 46 17 99 40 38 82 30 83 50 75 18 73 79 98 8 96 42 52 20 24 69 62 21 86 26 11 101 44 35 91 43 36 76 27 13 15 0 5 14 87 6 56 66 53 65 61 58 85 57 23 63 71 74 107 77 49 104 81 97 102 105 100 88 78 72 47 106 51 48 59 25 1 94 55 68 3 67 54 60 
10 7 26 13 29 81 85 30 17 71 104 8 42 96 37 93 90 3 20 65 35 33 43 5 14 32 94 38 88 100 47 18 41 39 84 80 31 19 51 73 99 74 77 40 9 97 25 53 21 22 67 63 12 86 27 36 101 45 34 91 44 11 76 28 6 16 0 4 15 87 54 57 64 59 66 62 83 61 55 24 105 72 75 102 78 50 82 95 98 103 106 89 48 79 70 46 107 49 2 60 23 92 1 56 69 58 68 52 
85 35 101 44 90 93 37 94 104 77 49 30 83 82 10 41 95 63 57 23 4 16 32 86 26 11 8 96 42 78 72 47 81 40 92 89 39 73 79 98 107 71 74 31 80 84 24 52 20 59 25 1 45 34 33 6 14 87 5 15 0 43 36 91 76 27 13 7 28 12 62 21 69 58 65 61 88 54 60 67 75 18 50 100 102 105 38 29 19 70 103 9 51 48 106 99 46 17 53 56 66 97 3 55 68 22 64 2 
83 45 36 101 38 88 94 92 50 102 78 80 31 84 96 8 42 24 61 55 32 5 14 12 86 27 40 9 97 48 79 70 82 41 37 93 90 99 74 77 75 105 72 85 29 81 21 25 53 2 60 23 33 43 35 87 4 15 0 6 16 91 44 34 11 76 28 13 7 26 67 63 22 62 59 66 89 68 52 58 51 73 19 106 98 103 39 30 104 17 71 10 107 49 46 18 100 47 64 54 57 95 69 1 56 3 20 65 
84 101 43 34 92 39 89 93 79 51 103 85 81 29 40 97 9 56 25 62 15 32 6 28 13 86 95 41 10 71 46 77 80 42 88 38 94 78 100 75 70 73 106 82 83 30 54 22 23 24 3 58 36 33 44 16 87 5 14 0 4 35 91 45 26 12 76 27 11 7 20 68 61 64 63 60 90 59 69 53 17 49 74 104 107 99 37 31 72 102 18 8 47 105 50 48 19 98 55 65 52 96 57 67 2 66 1 21 
6 20 56 60 16 15 14 26 10 42 97 7 76 86 0 32 87 51 71 100 67 65 25 53 2 61 11 13 12 84 81 30 5 43 101 91 33 39 93 88 96 9 41 36 35 34 79 107 18 73 46 102 57 58 21 64 24 69 23 68 66 22 55 59 62 54 3 1 63 52 75 48 104 105 19 77 28 70 99 50 82 31 85 29 83 80 27 4 37 94 89 44 38 92 90 40 95 8 47 103 74 45 17 78 106 49 72 98 
4 58 21 57 15 14 16 27 95 8 40 86 7 76 87 0 32 98 49 72 23 68 66 62 54 3 13 12 11 31 85 82 6 44 33 101 91 89 37 94 42 97 10 35 34 36 19 77 105 103 74 47 22 55 59 67 65 25 64 24 69 60 20 56 1 63 52 53 2 61 102 73 46 78 106 17 26 51 71 100 83 80 29 81 30 84 28 5 90 38 92 45 88 39 93 9 41 96 75 48 104 43 107 18 79 99 50 70 
5 55 59 22 14 16 15 28 41 96 9 76 86 7 32 87 0 70 99 50 64 24 69 1 63 52 12 11 13 80 29 83 4 45 91 33 101 92 90 38 8 40 95 34 36 35 106 17 78 48 104 75 60 20 56 23 68 66 67 65 25 57 58 21 53 2 61 62 54 3 47 103 74 18 79 107 27 98 49 72 30 84 81 85 82 31 26 6 93 88 39 43 94 89 37 97 10 42 102 73 46 44 77 105 19 71 100 51 
75 9 84 89 70 51 98 103 64 62 58 18 78 105 17 77 107 15 12 34 95 29 93 96 30 94 49 99 71 56 68 2 47 46 79 106 19 22 25 52 53 20 23 72 50 100 101 87 7 28 43 4 92 97 31 10 85 90 41 81 37 39 40 80 42 82 38 8 83 88 6 27 45 86 33 32 73 16 13 35 54 21 24 65 63 59 48 102 66 61 60 74 3 57 69 55 67 1 5 26 44 104 0 76 91 11 36 14 
73 90 10 85 99 71 49 104 59 65 63 106 19 79 105 18 78 35 16 13 94 96 30 92 97 31 72 50 100 3 57 69 48 47 17 77 107 53 20 23 24 54 21 98 70 51 7 101 87 5 26 44 29 93 95 88 8 83 38 42 82 81 37 41 39 40 80 89 9 84 43 4 28 32 86 33 74 36 14 11 25 52 22 60 66 61 46 103 58 64 62 75 67 1 55 2 56 68 45 6 27 102 91 0 76 15 12 34 
74 83 88 8 50 100 72 102 61 60 66 77 107 17 79 106 19 11 36 14 31 92 97 29 93 95 98 70 51 67 1 55 46 48 105 18 78 24 54 21 22 25 52 49 99 71 87 7 101 45 6 27 96 30 94 84 89 9 80 39 40 42 82 38 81 37 41 85 90 10 26 44 5 33 32 86 75 12 34 15 20 23 53 62 58 64 47 104 63 59 65 73 56 68 2 69 3 57 28 43 4 103 76 91 0 35 16 13 
72 31 89 40 19 106 79 98 66 52 57 102 75 47 74 46 104 27 44 4 85 37 95 30 88 42 77 17 107 58 23 1 100 49 103 73 48 21 68 63 3 60 25 78 18 105 15 13 36 33 87 76 9 80 92 81 93 10 29 90 41 97 84 39 82 94 8 83 38 96 86 101 0 35 14 12 51 26 43 6 53 55 64 67 62 20 70 50 24 2 59 99 54 56 65 22 69 61 7 91 32 71 11 34 16 45 5 28 
70 41 29 90 77 17 107 99 55 64 53 48 103 73 102 75 47 5 28 45 96 83 38 40 31 89 105 78 18 2 59 24 98 50 46 104 74 61 22 69 23 1 58 106 79 19 34 16 11 76 33 87 93 10 81 8 82 94 42 30 88 37 95 85 9 80 92 97 84 39 0 86 101 13 36 15 49 4 27 44 65 54 56 21 68 63 71 51 60 25 3 100 66 52 57 62 20 67 32 7 91 72 14 12 35 26 43 6 
71 88 42 30 105 78 18 100 54 56 65 74 46 104 48 103 73 43 6 26 39 97 84 90 41 29 19 106 79 25 3 60 99 51 75 47 102 67 62 20 59 24 2 17 107 77 12 35 14 87 76 33 82 94 8 92 9 80 89 40 31 83 38 96 93 10 81 37 95 85 101 0 86 16 11 34 50 45 5 28 57 66 52 61 22 69 72 49 1 58 23 98 55 64 53 68 63 21 91 32 7 70 36 15 13 4 27 44 
58 103 49 105 56 21 59 68 15 27 91 64 23 67 22 57 60 89 95 82 106 46 72 51 17 47 69 25 66 44 87 12 20 52 63 54 2 34 4 86 26 33 16 53 62 1 94 97 29 93 8 80 78 48 99 19 104 100 79 74 50 18 73 71 98 107 75 70 77 102 31 90 42 81 38 40 65 39 10 30 11 45 32 0 13 43 24 55 5 76 36 61 7 35 6 101 14 28 84 37 96 3 9 85 88 41 83 92 
59 106 104 50 60 57 22 69 91 16 28 68 65 24 58 20 55 80 90 96 70 107 47 48 49 18 64 67 23 13 45 87 21 53 3 61 52 86 35 5 14 27 33 2 54 63 30 92 95 81 94 9 100 79 46 98 17 102 51 77 75 72 19 74 73 99 105 103 71 78 40 29 88 41 82 39 66 31 37 8 32 12 43 44 0 11 25 56 34 6 76 62 4 7 36 26 101 15 97 85 38 1 89 10 83 93 42 84 
60 51 107 102 20 58 55 67 26 91 14 25 69 66 56 59 21 97 81 88 48 71 105 19 46 50 24 65 68 87 11 43 22 54 53 1 62 6 86 36 33 15 28 61 3 52 96 31 93 10 82 92 47 98 77 103 99 18 73 49 78 75 70 17 106 74 100 79 104 72 89 41 30 37 42 80 64 9 29 38 44 32 13 12 45 0 23 57 76 35 4 63 34 5 7 16 27 101 39 95 83 2 84 90 8 85 94 40 
24 50 79 74 69 25 66 61 45 32 11 2 63 54 64 23 67 83 92 41 102 70 77 105 103 49 1 53 62 76 36 5 68 55 57 60 22 28 101 14 87 12 44 21 59 56 85 88 9 80 93 8 104 100 19 75 98 107 47 51 17 46 72 106 78 48 99 18 73 71 42 31 90 97 29 94 52 82 89 95 6 7 35 34 4 86 3 65 33 16 26 20 15 27 91 13 43 0 96 84 37 58 38 40 81 39 10 30 
25 75 51 77 64 67 23 62 12 43 32 52 3 61 68 65 24 42 84 93 78 103 71 50 106 104 63 2 54 6 76 34 69 56 20 55 58 15 26 101 45 87 13 57 22 60 10 83 89 9 81 94 17 102 98 105 73 99 18 48 49 107 47 70 100 79 46 72 19 74 88 40 29 92 95 30 53 96 80 90 36 4 7 86 35 5 1 66 27 33 14 21 91 16 28 0 11 44 38 97 85 59 82 39 41 31 37 8 
23 78 73 49 24 65 68 63 32 13 44 62 53 1 25 69 66 94 40 85 72 79 104 102 51 107 52 61 3 35 4 76 67 57 59 21 56 101 16 27 11 43 87 58 55 20 90 8 84 92 10 82 99 18 103 100 106 74 50 19 46 71 105 48 47 98 77 75 70 17 30 89 41 31 93 96 54 88 97 81 7 34 5 6 86 36 2 64 15 28 33 22 26 91 14 45 0 12 83 39 95 60 42 80 37 9 29 38 
68 72 106 46 66 69 25 52 44 87 12 63 54 2 23 67 64 82 89 95 75 98 107 18 73 71 62 1 53 86 34 4 65 58 60 22 57 27 91 15 0 13 43 56 21 59 81 38 40 31 90 42 74 50 79 47 51 17 102 70 77 104 100 19 105 103 49 78 48 99 96 84 37 9 85 88 3 30 39 10 5 76 36 35 6 7 61 24 101 14 28 55 16 26 33 11 45 32 8 80 93 20 94 97 29 92 41 83 
69 47 70 107 23 64 67 53 13 45 87 3 61 52 65 24 68 96 80 90 105 73 99 72 19 74 54 63 2 5 86 35 66 59 55 58 20 16 28 91 44 0 11 60 57 22 41 82 39 40 29 88 77 75 51 18 48 49 78 103 71 17 102 98 50 106 104 100 79 46 38 97 85 89 10 83 1 8 31 37 34 6 76 7 36 4 62 25 26 101 15 56 33 14 27 32 12 43 94 9 81 21 30 92 95 84 93 42 
67 105 48 71 68 24 65 54 87 11 43 53 1 62 69 66 25 88 97 81 100 106 74 75 70 17 3 52 61 36 6 86 64 60 21 56 59 91 14 26 12 45 0 20 58 55 37 42 80 89 41 30 49 78 73 50 19 46 72 79 104 99 18 103 102 51 107 47 98 77 83 39 95 84 90 8 2 38 9 29 76 35 4 5 7 34 63 23 16 27 101 57 28 33 15 44 32 13 82 92 10 22 96 31 93 40 85 94 
55 48 99 78 21 59 56 24 14 28 101 67 64 23 60 22 57 92 41 83 79 74 50 98 107 75 25 66 69 45 32 11 58 61 2 63 54 36 5 76 27 91 15 62 1 53 38 40 81 37 96 84 18 73 71 106 46 72 19 104 100 105 103 49 70 77 102 51 17 47 80 93 8 85 88 9 68 89 95 82 13 43 0 87 12 44 65 20 6 7 35 3 86 34 4 33 16 26 31 90 42 52 97 29 94 10 30 39 
56 79 46 100 57 22 60 25 101 15 26 24 68 65 55 58 20 84 93 42 51 77 75 73 99 105 67 23 64 12 43 32 59 62 52 3 61 76 34 6 16 28 91 54 63 2 82 39 41 85 38 97 72 19 74 70 107 47 98 17 102 50 106 104 103 71 78 48 49 18 9 81 94 10 83 89 69 80 90 96 0 11 44 45 87 13 66 21 36 4 7 1 5 86 35 27 33 14 40 29 88 53 92 95 30 37 8 31 
57 98 77 47 58 55 20 23 27 101 16 66 25 69 21 56 59 40 85 94 73 49 78 106 74 100 65 68 24 32 13 44 60 63 62 53 1 4 76 35 91 14 26 3 52 61 42 80 37 95 83 39 75 70 17 48 71 105 103 99 18 102 51 107 79 104 72 19 46 50 92 10 82 90 8 84 67 97 81 88 45 0 12 11 43 87 64 22 7 34 5 2 36 6 86 15 28 33 89 41 30 54 31 93 96 29 38 9 
2 46 50 19 52 61 3 22 34 5 7 56 59 21 62 53 1 29 38 9 17 75 70 49 78 73 20 58 55 28 33 15 63 64 69 66 25 12 45 0 4 76 35 65 68 24 80 37 42 82 92 10 106 74 100 77 47 98 107 102 51 79 104 72 99 18 103 71 105 48 41 30 89 8 84 90 57 85 94 40 14 26 91 101 16 27 60 54 43 87 11 67 32 13 44 86 36 6 95 83 39 23 93 96 31 88 97 81 
3 17 47 51 1 53 62 20 7 35 6 22 57 60 2 63 54 10 30 39 71 18 73 74 50 79 56 21 59 16 26 33 61 65 23 67 64 0 13 43 36 5 76 25 66 69 40 81 38 8 80 93 98 107 75 99 78 48 49 105 103 70 77 102 104 100 19 46 72 106 90 42 31 88 9 85 55 41 83 92 91 15 27 28 101 14 58 52 12 44 87 68 45 32 11 4 86 34 37 96 84 24 29 94 97 82 89 95 
1 49 18 48 63 2 54 21 4 7 36 58 20 55 52 3 61 37 8 31 74 72 19 77 75 51 60 57 22 33 14 27 62 66 65 24 68 44 0 11 76 34 6 67 23 64 39 41 82 94 9 81 73 99 105 46 100 79 104 50 106 103 71 78 17 102 98 107 47 70 29 88 40 83 89 10 56 93 42 84 28 91 16 15 26 101 59 53 87 13 45 69 12 43 32 35 5 86 85 38 97 25 95 30 92 96 80 90 
54 74 100 106 61 3 52 60 36 6 86 21 56 59 1 62 53 81 88 97 107 102 51 99 18 103 58 55 20 26 91 14 2 67 25 69 66 11 43 87 5 7 34 68 24 65 84 90 8 83 39 95 79 104 72 17 75 70 77 47 98 19 46 50 71 105 48 49 78 73 10 82 92 96 31 93 22 29 38 9 16 27 101 33 15 28 57 63 44 32 13 23 0 12 45 76 35 4 41 30 89 64 37 42 80 94 40 85 
52 107 75 98 53 62 1 58 86 34 4 60 22 57 54 2 63 95 82 89 49 105 103 104 100 19 21 59 56 15 27 91 3 68 64 23 67 87 12 44 35 6 7 66 69 25 9 85 88 96 84 37 70 77 102 71 18 73 99 78 48 51 17 47 46 72 106 74 50 79 93 8 80 94 97 29 20 10 30 39 101 14 28 26 33 16 55 61 11 45 32 24 43 0 13 5 76 36 90 42 31 65 81 38 40 83 92 41 
53 99 105 73 2 54 63 59 5 86 35 55 58 20 61 52 3 90 96 80 104 50 106 17 102 98 57 22 60 91 16 28 1 69 68 65 24 45 87 13 7 36 4 23 64 67 89 10 83 38 97 85 103 71 78 74 72 19 46 100 79 48 49 18 107 47 70 77 75 51 81 94 9 30 92 95 21 37 8 31 26 101 15 14 27 33 56 62 32 12 43 25 11 44 0 34 6 76 29 88 40 66 41 82 39 42 84 93 
99 38 96 83 18 105 78 50 2 59 24 46 104 74 103 73 48 45 5 28 92 9 80 37 95 85 79 19 106 69 61 22 49 70 47 102 75 64 53 55 21 68 63 77 17 107 13 36 15 0 86 101 30 88 42 89 40 31 39 97 84 82 94 8 90 41 29 93 10 81 91 32 7 14 12 35 72 44 4 27 60 25 3 52 57 66 100 71 62 20 67 51 58 23 1 65 54 56 33 87 76 98 34 16 11 6 26 43 
100 84 39 97 79 19 106 51 25 3 60 75 47 102 46 104 74 26 43 6 81 93 10 83 38 96 107 77 17 20 67 62 50 71 73 48 103 56 65 54 61 22 69 105 78 18 16 11 34 101 0 86 40 31 89 29 90 41 85 37 95 9 80 92 30 88 42 82 94 8 7 91 32 36 15 13 70 28 45 5 1 58 23 64 53 55 98 72 68 63 21 49 2 59 24 57 66 52 76 33 87 99 12 35 14 44 4 27 
98 95 85 37 107 77 17 49 58 23 1 103 73 48 75 47 102 4 27 44 8 82 94 97 84 39 18 105 78 63 21 68 51 72 104 74 46 52 57 66 67 62 20 19 106 79 35 14 12 86 101 0 90 41 29 42 30 88 96 83 38 93 10 81 40 31 89 9 80 92 32 7 91 11 34 16 71 6 26 43 24 2 59 56 65 54 99 70 22 69 61 50 25 3 60 53 55 64 87 76 33 100 15 13 36 28 45 5 
104 30 94 96 100 72 50 47 3 57 69 17 77 107 19 79 106 13 35 16 80 39 40 81 37 41 70 51 98 23 53 20 74 73 78 105 18 65 63 59 60 66 61 99 71 49 32 86 33 43 4 28 42 82 38 31 92 97 84 89 9 8 83 88 85 90 10 29 93 95 27 45 6 91 0 76 102 11 36 14 58 64 62 1 55 67 75 46 2 56 68 103 21 24 54 25 52 22 26 44 5 48 7 101 87 34 15 12 
102 97 31 92 51 98 70 48 67 1 55 105 18 78 107 17 77 14 11 36 41 81 37 42 82 38 99 71 49 21 24 54 75 74 19 79 106 60 66 61 62 58 64 50 100 72 33 32 86 26 44 5 39 40 80 95 29 93 10 85 90 89 9 84 8 83 88 96 30 94 4 28 43 76 91 0 103 15 12 34 63 59 65 68 2 56 73 47 69 3 57 104 52 22 25 20 23 53 6 27 45 46 87 7 101 13 35 16 
103 93 95 29 71 49 99 46 56 68 2 79 106 19 78 105 18 34 15 12 38 42 82 39 40 80 50 100 72 52 22 25 73 75 107 17 77 62 58 64 65 63 59 70 51 98 86 33 32 6 27 45 81 37 41 94 96 30 88 8 83 85 90 10 89 9 84 92 97 31 44 5 26 0 76 91 104 35 16 13 66 61 60 57 69 3 74 48 55 67 1 102 23 53 20 54 21 24 43 4 28 47 101 87 7 14 11 36 
101 24 25 23 45 43 44 32 92 93 94 14 15 16 36 34 35 78 79 77 63 61 62 59 60 58 4 5 6 42 40 41 91 76 12 13 11 83 84 85 90 88 89 27 28 26 75 73 74 50 51 49 64 65 66 54 52 53 2 3 1 67 68 69 56 57 55 21 22 20 71 72 70 104 102 103 87 105 106 107 10 8 9 97 95 96 0 33 31 29 30 7 81 82 80 38 39 37 99 100 98 86 48 46 47 19 17 18 
78 92 40 84 48 73 103 79 24 63 56 50 72 100 99 49 71 101 32 76 93 41 85 88 96 82 46 74 104 57 25 61 105 77 98 51 70 55 23 62 54 59 68 75 102 47 27 43 5 14 13 34 31 39 9 90 95 81 37 10 29 80 89 97 94 42 83 38 8 30 35 15 11 6 28 44 106 91 87 86 3 22 66 69 52 60 19 18 64 1 20 17 53 58 67 21 65 2 36 16 12 107 45 4 26 0 7 33 
79 85 93 41 104 46 74 77 57 25 61 98 51 70 72 100 50 76 101 32 83 94 42 80 89 97 102 47 75 62 55 23 106 78 71 99 49 63 56 24 69 52 60 48 73 103 6 28 44 35 15 11 10 29 37 82 88 96 30 38 8 95 81 90 84 92 40 31 39 9 12 36 16 45 4 26 107 86 91 87 64 1 20 58 67 53 17 19 21 65 2 18 68 54 59 3 22 66 13 34 14 105 27 43 5 33 0 7 
77 42 83 94 75 102 47 78 62 55 23 71 99 49 51 70 98 32 76 101 40 84 92 95 81 90 73 103 48 24 63 56 107 79 50 72 100 25 61 57 58 67 53 104 46 74 45 4 26 12 36 16 38 8 30 97 80 89 9 31 39 88 96 82 41 85 93 10 29 37 14 13 34 27 43 5 105 87 86 91 21 65 2 54 59 68 18 17 3 22 66 19 60 69 52 64 1 20 15 11 35 106 6 28 44 7 33 0 
90 5 16 87 41 10 95 96 99 104 107 38 94 88 29 85 81 53 59 69 86 28 13 36 33 44 82 83 30 47 105 50 37 80 40 97 9 70 73 106 74 17 49 89 92 39 23 54 22 55 65 52 32 6 15 7 27 11 76 26 12 0 4 14 35 91 45 34 101 43 3 58 24 60 64 63 8 1 21 66 100 75 78 18 72 102 42 93 103 79 51 84 19 98 48 77 71 46 61 20 68 31 2 57 67 56 25 62 
88 87 6 14 96 42 8 97 105 100 102 89 39 92 82 30 83 67 54 60 11 86 26 45 34 33 31 80 84 51 48 106 38 81 10 41 95 107 71 74 50 75 18 37 90 93 20 24 52 53 56 66 16 32 4 12 7 28 13 76 27 15 0 5 43 36 91 44 35 101 25 1 59 61 58 65 9 64 2 22 79 98 73 103 19 70 40 94 49 104 77 85 46 17 99 47 78 72 69 62 21 29 68 3 55 63 57 23 
89 15 87 4 9 97 40 95 103 106 98 93 90 37 84 80 31 58 68 52 27 12 86 33 43 35 85 29 81 107 49 46 39 82 96 8 42 75 105 72 19 51 73 94 38 88 53 21 25 64 54 57 5 14 32 26 13 7 28 11 76 6 16 0 91 44 34 101 45 36 60 23 2 66 62 59 10 20 65 3 74 77 99 71 104 17 41 92 78 50 102 83 100 47 18 70 48 79 22 67 63 30 56 69 1 24 61 55 
92 14 32 5 97 40 9 41 48 79 70 37 93 90 31 84 80 55 24 61 28 11 76 91 44 34 29 81 85 77 99 74 89 83 42 96 8 102 78 50 106 98 103 38 88 94 62 59 66 67 63 22 6 16 0 27 12 86 26 13 7 4 15 87 101 45 36 33 43 35 57 64 54 69 1 56 95 58 68 52 104 17 71 49 46 107 10 39 18 100 47 30 72 75 105 51 73 19 60 23 2 82 21 25 53 65 3 20 
93 6 15 32 10 95 41 42 71 46 77 88 38 94 81 29 85 62 56 25 76 26 12 35 91 45 83 30 82 75 78 100 90 84 9 40 97 51 103 79 104 107 99 92 39 89 64 63 60 20 68 61 0 4 14 86 28 13 7 27 11 87 5 16 34 101 43 36 33 44 52 55 65 57 67 2 96 53 59 69 72 102 18 105 50 47 8 37 48 19 98 31 106 70 73 17 49 74 3 58 24 80 54 22 23 21 66 1 
94 32 4 16 42 8 96 40 78 72 47 92 89 39 83 82 30 23 63 57 13 76 27 43 36 91 80 84 31 98 73 79 88 85 95 10 41 77 49 104 100 102 105 90 93 37 58 65 61 62 21 69 15 0 5 11 86 26 12 7 28 14 87 6 44 35 101 45 34 33 66 53 56 3 55 68 97 67 54 60 19 70 103 48 106 51 9 38 99 46 17 29 74 107 71 75 18 50 25 1 59 81 24 52 20 2 22 64 
91 68 69 67 44 45 43 87 89 90 88 15 16 14 34 35 36 105 106 107 54 52 53 21 22 20 6 4 5 96 97 95 33 86 13 11 12 82 80 81 37 38 39 26 27 28 47 48 46 72 70 71 23 24 25 2 3 1 63 61 62 64 65 66 59 60 58 56 57 55 99 100 98 74 75 73 0 18 19 17 41 42 40 9 10 8 32 101 84 85 83 76 29 30 31 94 92 93 49 50 51 7 103 104 102 79 77 78 
86 60 58 59 26 27 28 91 81 82 80 36 34 35 11 12 13 106 107 105 69 67 68 3 1 2 45 43 44 89 90 88 7 87 15 16 14 97 95 96 30 31 29 5 6 4 103 104 102 51 49 50 56 57 55 66 64 65 25 23 24 21 22 20 52 53 54 61 62 63 72 70 71 47 48 46 33 19 17 18 94 92 93 37 38 39 101 76 41 42 40 32 8 9 10 84 85 83 100 98 99 0 74 75 73 77 78 79 
97 26 11 86 84 31 80 81 51 48 106 10 41 95 39 92 89 60 67 54 91 43 36 15 0 5 90 93 37 74 107 71 9 88 83 82 30 100 102 105 103 19 70 96 42 8 61 58 65 25 1 59 76 27 13 33 45 34 101 44 35 7 28 12 14 87 6 16 32 4 21 69 62 68 3 55 29 22 64 2 49 104 77 17 99 46 85 40 47 78 72 94 18 50 75 79 98 73 56 66 53 38 20 24 52 23 63 57 
95 86 27 12 81 85 29 82 107 49 46 96 8 42 90 37 93 52 58 68 34 91 44 6 16 0 38 88 94 72 75 105 10 89 31 84 80 106 98 103 71 104 17 9 97 40 66 62 59 60 23 2 11 76 28 35 33 43 36 101 45 13 7 26 4 15 87 5 14 32 63 22 67 56 69 1 30 3 20 65 78 50 102 47 18 100 83 41 70 48 79 92 73 19 51 74 77 99 54 57 64 39 53 21 25 55 24 61 
96 13 86 28 30 82 83 80 47 105 50 40 97 9 94 88 38 69 53 59 45 35 91 0 4 14 92 39 89 106 70 73 8 90 81 29 85 104 107 99 18 72 102 41 10 95 60 64 63 3 58 24 26 12 76 44 36 33 43 34 101 27 11 7 87 5 16 32 6 15 68 61 20 2 57 67 31 66 1 21 103 79 51 98 48 19 84 42 77 71 46 93 49 74 17 100 75 78 65 52 55 37 23 54 22 62 56 25 
87 53 54 52 5 6 4 86 96 97 95 13 11 12 16 14 15 107 105 106 58 59 60 64 65 66 27 28 26 81 82 80 0 91 36 34 35 90 88 89 9 10 8 44 45 43 74 75 73 99 100 98 61 62 63 20 21 22 55 56 57 3 1 2 67 68 69 23 24 25 51 49 50 103 104 102 7 17 18 19 84 85 83 30 31 29 76 32 94 92 93 101 39 37 38 41 42 40 70 71 72 33 47 48 46 78 79 77 
41 76 28 11 85 29 81 83 77 99 74 42 96 8 93 90 37 61 55 24 36 101 45 4 15 87 88 94 38 50 102 78 95 92 80 31 84 79 70 48 49 46 107 97 40 9 69 1 56 57 64 54 13 7 26 34 91 44 35 33 43 12 86 27 5 14 32 6 16 0 2 60 23 21 25 53 82 52 58 68 18 100 47 75 105 72 30 10 51 73 19 39 103 106 98 104 17 71 63 22 67 89 62 59 66 20 65 3 
42 12 76 26 82 83 30 84 75 78 100 9 40 97 38 94 88 25 62 56 43 34 101 87 5 16 39 89 92 79 51 103 96 93 85 81 29 46 77 71 105 50 47 10 95 41 57 67 2 52 55 65 27 11 7 45 35 91 44 36 33 28 13 86 32 6 15 0 4 14 24 3 58 54 22 23 80 69 53 59 48 19 98 70 73 106 31 8 17 49 74 37 99 104 107 72 102 18 68 61 20 90 64 63 60 1 21 66 
40 27 13 76 31 80 84 85 98 73 79 95 10 41 89 39 92 57 23 63 101 44 35 14 87 6 93 37 90 104 77 49 97 94 30 83 82 72 47 78 48 106 51 42 8 96 3 55 68 66 53 56 7 28 12 91 43 36 33 45 34 86 26 11 16 32 4 15 0 5 59 25 1 24 52 20 81 60 67 54 99 46 17 107 71 74 29 9 75 18 50 38 105 100 102 19 70 103 21 69 62 88 58 65 61 64 2 22 
82 44 34 91 94 38 88 89 72 75 105 31 84 80 8 42 96 68 52 58 87 4 15 13 7 26 97 40 9 103 106 98 30 95 93 90 37 49 46 107 47 18 100 81 85 29 56 69 1 63 22 67 101 45 36 0 6 16 32 5 14 33 43 35 12 86 27 11 76 28 64 54 57 53 21 25 39 65 3 20 70 48 79 19 51 73 92 83 74 77 99 41 17 71 104 78 50 102 23 2 60 10 66 62 59 61 55 24 
80 91 45 35 89 92 39 90 106 70 73 81 29 85 97 9 40 59 69 53 16 87 5 27 11 7 10 95 41 99 104 107 31 96 38 94 88 105 50 47 98 48 19 30 82 83 2 57 67 68 61 20 34 101 43 14 0 4 15 32 6 36 33 44 28 13 86 26 12 76 55 65 52 23 54 22 37 21 66 1 77 71 46 74 17 49 93 84 100 75 78 42 102 18 72 103 79 51 58 24 3 8 60 64 63 25 62 56 
81 36 91 43 37 90 93 88 74 107 71 83 82 30 41 95 10 54 60 67 6 14 87 7 28 12 42 8 96 105 100 102 29 97 89 39 92 48 106 51 17 99 46 84 31 80 68 3 55 21 69 62 44 35 101 5 15 0 4 16 32 45 34 33 86 26 11 76 27 13 53 56 66 20 24 52 38 2 22 64 47 78 72 50 75 18 94 85 79 98 73 40 70 103 19 49 104 77 1 59 25 9 61 58 65 57 23 63 
49 94 8 82 78 18 105 72 63 21 68 104 74 46 73 48 103 44 4 27 89 40 31 93 10 81 106 79 19 66 52 57 71 98 102 75 47 23 1 58 56 65 54 107 77 17 11 34 16 32 7 91 83 38 96 39 97 84 92 9 80 30 88 42 37 95 85 90 41 29 33 87 76 15 13 36 100 43 6 26 22 69 61 3 60 25 50 99 53 55 64 70 20 67 62 24 2 59 101 0 86 51 35 14 12 5 28 45 
50 80 92 9 106 79 19 70 69 61 22 47 102 75 104 74 46 28 45 5 29 90 41 82 94 8 17 107 77 55 64 53 72 99 48 103 73 59 24 2 52 57 66 18 105 78 14 12 35 91 32 7 97 84 39 85 37 95 81 93 10 40 31 89 83 38 96 30 88 42 76 33 87 34 16 11 98 27 44 4 62 20 67 23 1 58 51 100 65 54 56 71 63 21 68 60 25 3 86 101 0 49 13 36 15 43 6 26 
51 10 81 93 17 107 77 71 20 67 62 73 48 103 47 102 75 6 26 43 42 30 88 9 80 92 78 18 105 54 56 65 70 100 74 46 104 3 60 25 64 53 55 79 19 106 36 15 13 7 91 32 37 95 85 96 83 38 8 82 94 90 41 29 97 84 39 40 31 89 87 76 33 12 35 14 99 5 28 45 68 63 21 59 24 2 49 98 57 66 52 72 69 61 22 1 58 23 0 86 101 50 16 11 34 27 44 4 
32 62 63 61 6 4 5 76 42 40 41 12 13 11 15 16 14 77 78 79 55 56 57 67 68 69 28 26 27 85 83 84 87 101 35 36 34 93 94 92 97 95 96 45 43 44 104 102 103 71 72 70 3 1 2 58 59 60 20 21 22 52 53 54 23 24 25 64 65 66 98 99 100 48 46 47 86 107 105 106 31 29 30 82 80 81 7 0 38 39 37 33 89 90 88 10 8 9 51 49 50 91 75 73 74 18 19 17 
48 37 41 81 49 99 71 74 21 24 54 19 79 106 18 78 105 36 14 11 88 8 83 89 9 84 100 72 50 61 60 66 103 102 77 107 17 1 55 67 68 2 56 51 98 70 76 91 0 4 28 43 85 90 10 38 42 82 94 96 30 29 93 95 92 97 31 39 40 80 45 6 27 87 7 101 46 34 15 12 69 3 57 22 25 52 104 73 20 23 53 47 64 62 58 63 59 65 44 5 26 75 33 32 86 16 13 35 
46 82 38 42 72 50 100 75 52 22 25 107 17 77 106 19 79 12 34 15 84 89 9 85 90 10 51 98 70 64 62 58 104 103 18 78 105 68 2 56 57 69 3 71 49 99 0 76 91 44 5 26 8 83 88 80 39 40 31 92 97 96 30 94 29 93 95 81 37 41 28 43 4 101 87 7 47 13 35 16 55 67 1 53 20 23 102 74 54 21 24 48 59 65 63 66 61 60 27 45 6 73 86 33 32 36 14 11 
47 40 80 39 98 70 51 73 23 53 20 78 105 18 77 107 17 16 13 35 10 85 90 8 83 88 71 49 99 59 65 63 102 104 106 19 79 57 69 3 1 55 67 100 72 50 91 0 76 27 45 6 89 9 84 41 81 37 95 29 93 92 97 31 96 30 94 42 82 38 5 26 44 7 101 87 48 14 11 36 2 56 68 24 54 21 103 75 25 52 22 46 61 60 66 58 64 62 4 28 43 74 32 86 33 12 34 15 
106 81 90 95 74 104 46 107 60 69 52 51 70 98 100 50 72 86 91 87 82 88 96 31 39 9 75 102 47 53 58 67 19 105 99 49 71 54 59 68 66 3 22 103 48 73 5 27 43 36 16 12 41 85 93 30 38 8 83 94 42 10 29 37 80 89 97 84 92 40 13 34 14 44 6 28 17 7 33 0 23 62 55 20 64 1 77 79 56 24 63 78 65 2 21 61 57 25 11 35 15 18 26 45 4 101 32 76 
107 96 82 88 47 75 102 105 53 58 67 99 49 71 70 98 51 87 86 91 97 80 89 10 29 37 48 73 103 68 54 59 17 106 72 100 50 69 52 60 20 64 1 74 104 46 44 6 28 13 34 14 94 42 83 9 31 39 40 84 92 38 8 30 95 81 90 41 85 93 15 11 35 26 45 4 18 0 7 33 56 24 63 2 21 65 78 77 61 57 25 79 22 66 3 23 62 55 16 12 36 19 5 27 43 76 101 32 
105 89 97 80 103 48 73 106 68 54 59 72 100 50 49 71 99 91 87 86 90 95 81 38 8 30 104 46 74 60 69 52 18 107 51 70 98 58 67 53 2 21 65 47 75 102 26 45 4 15 11 35 84 92 40 37 10 29 93 41 85 31 39 9 88 96 82 94 42 83 36 16 12 5 27 43 19 33 0 7 61 57 25 66 3 22 79 78 23 62 55 77 1 20 64 56 24 63 34 14 13 17 44 6 28 32 76 101 
