60
-0.9999999999999982 -6.661338147750939e-16 -0.0 -6.661338147750939e-16 -1.0000000000000033 0.999999999999998 -0.0 0.999999999999998 -6.661338147750939e-16 -0.9999999999999989 -0.9999999999999989 -1.0000000000000004 0.9999999999999976 -1.0000000000000004 -0.0 -0.9999999999999989 -3.9999999999999982 0.9999999999999976 -0.9999999999999997 1.0000000000000004 -0.9999999999999989 -1.0000000000000004 -0.9999999999999991 -0.9999999999999989 3.3306690738754696e-16 0.999999999999998 3.3306690738754696e-16 -1.0000000000000004 1.0000000000000004 -0.9999999999999989 -0.9999999999999992 0.999999999999998 -0.9999999999999991 -0.9999999999999992 -1.0000000000000004 1.0000000000000004 0.9999999999999988 1.0000000000000004 1.0 4.440892098500626e-16 0.9999999999999987 4.440892098500626e-16 -1.0000000000000004 1.0000000000000002 1.0000000000000007 1.0000000000000007 -6.661338147750939e-16 -6.661338147750939e-16 -0.9999999999999992 -6.661338147750939e-16 1.0 0.9999999999999987 1.0 3.3306690738754696e-16 2.220446049250313e-16 0.9999999999999994 0.9999999999999988 0.9999999999999992 1.0000000000000002 1.0
-5.218048215738236e-15 -2.9976021664879227e-15 -0.0 -2.9976021664879227e-15 -3.6637359812630166e-15 -2.55351295663786e-15 -0.0 -2.55351295663786e-15 -2.9976021664879227e-15 1.2923976604021734e-15 5.6066262743570405e-15 1.5543122344752192e-15 -2.6645352591003757e-15 1.4432899320127035e-15 -0.0 5.6066262743570405e-15 8.43769498715119e-15 -2.6645352591003757e-15 2.8307530537819315e-16 -2.9976021664879227e-15 1.2923976604021734e-15 1.33760919256792e-15 4.791747089216799e-15 5.6066262743570405e-15 2.374865109411701e-15 -2.55351295663786e-15 2.374865109411701e-15 1.4432899320127035e-15 -2.9976021664879227e-15 5.6066262743570405e-15 1.1657341758564144e-15 -2.55351295663786e-15 4.791747089216799e-15 1.1657341758564144e-15 1.3824372177637136e-15 -2.9976021664879227e-15 -1.477434831173033e-15 -2.5912360245404927e-15 -1.2589683949903046e-15 2.40262068502733e-15 -1.483159901160718e-15 2.445353189169187e-15 1.3877787807814457e-15 -1.2611152962356866e-15 -2.55351295663786e-15 -2.886579864025407e-15 -2.609024107869118e-15 -2.6367796834847468e-15 1.2212453270876722e-15 -2.6367796834847468e-15 -1.7693032622985348e-15 -1.4932815340220572e-15 -1.300601758413748e-15 2.4581318362585878e-15 1.813925766728547e-15 -1.3144795462215624e-15 -1.477434831173033e-15 -1.2589683949903046e-15 -1.8122412872061728e-15 -1.2553902262480015e-15
4 11 6 21 16 23 14 15 34 8 35 20 22 30 2 28 0 29 3 12 1 18 19 37 50 10 38 48 7 45 46 32 44 47 9 25 26 5 36 58 24 52 33 57 31 17 13 42 49 27 40 41 51 43 59 54 39 53 56 55 
21 16 23 8 9 10 25 26 3 4 5 34 35 36 19 46 1 58 20 14 18 0 37 2 28 6 7 45 24 52 50 33 57 31 11 12 13 22 40 51 38 48 53 54 55 27 15 59 41 56 30 39 29 42 43 44 49 32 17 47 
14 15 16 17 6 13 4 11 44 31 42 7 49 5 0 1 2 3 29 27 28 45 48 46 52 33 57 19 20 18 37 9 34 25 32 47 53 30 43 54 51 50 10 38 8 21 23 35 22 12 41 40 24 36 39 58 59 26 55 56 
34 8 35 16 20 14 22 30 1 18 19 21 23 24 5 40 3 41 9 10 4 11 6 12 13 37 50 51 36 49 7 43 59 54 0 2 28 25 46 45 15 17 44 31 42 39 38 57 58 29 26 27 56 55 33 53 52 47 48 32 
16 20 14 18 0 37 2 28 9 34 25 1 19 46 6 7 4 45 21 22 11 3 12 5 40 35 36 49 15 17 13 44 31 42 8 10 38 23 26 56 50 51 47 53 32 29 30 33 27 48 24 52 41 57 55 59 58 43 39 54 
22 30 20 39 35 38 34 8 59 42 57 36 58 25 3 4 5 9 41 29 40 49 51 7 17 44 31 6 21 11 12 0 1 2 43 54 47 24 55 53 56 13 37 50 18 16 14 19 23 10 27 26 15 46 52 45 33 28 32 48 
2 28 0 29 14 30 16 20 31 32 33 15 27 23 4 11 6 21 45 48 7 17 49 13 51 47 53 12 1 3 5 8 9 10 44 42 43 46 57 59 41 40 35 36 34 18 37 25 19 22 52 24 50 26 58 56 55 38 54 39 
29 14 30 32 44 47 42 43 45 2 46 31 33 57 49 5 7 59 15 16 17 6 13 4 11 0 1 3 41 40 51 35 36 34 28 48 37 27 52 50 53 12 38 56 39 22 20 58 24 54 23 55 21 25 26 9 19 8 18 10 
11 3 12 1 18 19 37 50 16 20 14 0 2 28 10 38 8 48 4 5 9 34 25 35 36 22 30 39 13 56 26 54 47 43 21 23 24 6 15 27 46 58 55 33 53 51 40 32 17 52 7 45 49 44 31 42 29 59 41 57 
1 18 19 20 21 22 23 24 4 11 6 16 14 15 25 26 9 27 0 37 34 8 35 10 38 12 13 56 46 58 36 55 33 53 3 5 40 2 7 49 30 39 59 42 57 52 50 31 45 41 28 29 48 32 44 47 17 54 51 43 
37 50 18 51 12 40 11 3 47 53 32 13 17 6 8 9 10 4 48 52 38 56 39 26 58 55 33 25 0 34 35 21 16 23 54 43 59 28 44 42 49 36 22 30 20 1 19 14 2 5 45 7 46 15 29 27 31 24 57 41 
18 0 37 34 8 35 10 38 21 16 23 9 25 26 12 13 11 56 1 2 3 4 5 6 7 14 15 17 50 51 40 47 53 32 20 22 30 19 24 41 36 49 43 59 54 48 28 55 52 39 46 58 45 33 57 31 27 44 29 42 
10 38 8 48 37 28 18 0 53 54 55 50 52 19 11 3 12 1 56 39 13 51 17 40 49 43 59 5 9 4 6 20 21 22 47 32 44 26 33 31 45 7 14 15 16 34 35 23 25 2 58 46 36 24 27 41 57 30 42 29 
48 37 28 54 47 43 32 44 56 10 26 53 55 33 17 6 13 31 50 18 51 12 40 11 3 8 9 4 45 7 49 14 15 16 38 39 35 52 58 36 59 5 30 41 29 2 0 27 46 42 19 57 1 23 24 21 25 20 34 22 
6 7 4 45 2 46 0 1 32 44 47 28 48 37 16 20 14 18 17 49 15 29 27 30 41 42 43 22 11 21 23 34 8 35 31 33 57 13 53 55 52 24 25 26 9 3 5 10 12 19 51 50 40 38 56 39 54 36 59 58 
45 2 46 44 31 42 33 57 17 6 13 32 47 53 27 23 15 55 28 0 29 14 30 16 20 4 11 21 52 24 41 25 26 9 7 49 5 48 51 40 43 22 36 39 58 19 1 56 50 59 37 54 18 10 38 8 12 34 3 35 
0 1 2 3 4 5 6 7 8 9 10 11 12 13 14 15 16 17 18 19 20 21 22 23 24 25 26 27 28 29 30 31 32 33 34 35 36 37 38 39 40 41 42 43 44 45 46 47 48 49 50 51 52 53 54 55 56 57 58 59 
32 44 47 2 28 0 48 37 15 29 27 45 46 52 13 51 17 50 31 42 6 7 4 49 5 30 41 40 53 12 11 38 56 39 14 16 20 33 23 21 1 3 8 9 10 54 43 26 55 18 57 19 59 58 25 36 24 35 22 34 
8 9 10 4 11 6 12 13 20 21 22 3 5 40 37 50 18 51 34 25 0 1 2 19 46 23 24 52 38 48 28 53 54 55 16 14 15 35 30 29 7 45 32 44 47 56 26 43 39 17 36 49 58 59 42 57 41 33 27 31 
25 26 9 27 23 15 21 16 57 55 59 24 41 22 1 18 19 20 58 56 46 52 45 50 48 53 54 37 34 0 2 11 3 12 33 31 32 36 42 44 29 28 6 7 4 8 10 5 35 14 39 30 38 40 49 51 43 13 47 17 
3 4 5 9 34 25 35 36 18 0 37 8 10 38 22 30 20 39 11 6 21 16 23 14 15 2 28 29 40 41 24 42 43 44 1 19 46 12 50 52 26 27 57 55 59 49 7 54 51 58 13 56 17 47 53 32 48 31 45 33 
9 34 25 0 1 2 19 46 11 3 12 18 37 50 23 24 21 52 8 35 16 20 14 22 30 5 40 41 26 27 15 57 55 59 4 6 7 10 13 17 28 29 31 32 33 58 36 53 56 45 38 48 39 54 47 43 51 42 49 44 
35 36 34 49 5 7 3 4 43 59 54 40 51 12 20 21 22 11 39 58 30 41 29 24 27 57 55 23 8 16 14 1 18 19 42 44 31 38 47 32 17 15 2 28 0 9 25 37 10 6 56 13 26 50 48 52 53 46 33 45 
19 46 1 58 25 36 9 34 55 33 53 26 56 10 21 16 23 8 52 45 24 27 41 15 29 31 32 14 18 20 22 4 11 6 57 59 42 50 54 43 39 30 5 40 3 0 2 12 37 35 48 38 28 13 51 17 47 7 44 49 
58 25 36 33 57 31 59 42 52 19 50 55 53 54 41 22 24 43 26 9 27 23 15 21 16 1 18 20 39 30 29 5 40 3 46 45 2 56 48 28 32 14 7 17 49 35 34 51 38 44 10 47 8 12 13 11 37 4 0 6 
23 24 21 52 19 50 1 18 33 57 31 46 45 2 9 34 25 0 27 41 26 58 56 36 39 59 42 35 16 8 10 3 4 5 55 53 54 15 32 47 48 38 12 13 11 20 22 6 14 37 29 28 30 7 17 49 44 40 43 51 
52 19 50 57 55 59 53 54 27 23 15 33 31 32 56 10 26 47 46 1 58 25 36 9 34 21 16 8 48 38 39 12 13 11 24 41 22 45 29 30 42 35 40 49 51 37 18 17 28 43 2 44 0 6 7 4 14 3 20 5 
33 57 31 19 46 1 45 2 26 58 56 52 50 48 15 29 27 28 55 59 23 24 21 41 22 36 39 30 32 14 16 7 17 49 25 9 34 53 10 8 18 20 4 11 6 44 42 13 47 0 54 37 43 51 12 40 38 5 35 3 
17 6 13 31 32 33 47 53 29 14 30 44 42 43 48 37 28 54 7 4 45 2 46 0 1 16 20 18 51 50 52 10 38 8 15 27 23 49 41 24 57 19 26 58 56 12 11 39 40 55 5 59 3 35 36 34 22 9 21 25 
44 31 42 6 7 4 49 5 28 45 48 17 13 51 30 41 29 40 32 33 14 15 16 27 23 46 52 24 43 22 20 36 39 58 2 0 1 47 37 18 11 21 34 8 35 59 57 38 54 3 53 12 55 56 10 26 50 25 19 9 
49 5 7 59 42 57 44 31 39 35 38 43 54 47 29 14 30 32 40 3 41 22 24 20 21 34 8 16 17 15 27 2 28 0 36 58 25 51 56 26 55 23 46 52 45 6 4 48 13 33 12 53 11 37 50 18 10 1 9 19 
15 29 27 28 45 48 46 52 6 7 4 2 0 1 33 57 31 19 14 30 32 44 47 42 43 49 5 59 23 55 53 58 25 36 17 13 51 16 11 12 37 54 56 10 26 24 41 9 21 50 20 18 22 34 8 35 3 39 40 38 
28 45 48 7 17 49 13 51 14 15 16 6 4 11 47 53 32 12 2 46 44 31 42 33 57 27 23 55 37 54 43 56 10 26 29 30 41 0 20 22 5 59 39 35 38 50 52 8 18 40 1 3 19 9 34 25 21 58 24 36 
46 52 45 24 27 41 15 29 25 26 9 23 21 16 31 32 33 14 19 50 57 55 59 53 54 56 10 47 2 44 42 17 6 13 58 36 39 1 34 35 22 43 49 5 7 28 48 4 0 30 18 20 37 11 3 12 8 51 38 40 
20 21 22 11 3 12 5 40 0 1 2 4 6 7 35 36 34 49 16 23 8 9 10 25 26 19 46 58 30 39 38 59 42 57 18 37 50 14 28 48 13 56 54 47 43 41 24 44 29 51 15 17 27 31 32 33 45 55 52 53 
5 40 3 41 22 24 20 21 42 43 44 30 29 14 34 8 35 16 49 51 36 39 58 38 56 54 47 10 4 9 25 18 0 37 59 57 55 7 31 33 27 26 19 46 1 11 12 2 6 23 17 15 13 28 45 48 32 50 53 52 
41 22 24 43 59 54 57 55 49 5 7 42 44 31 58 25 36 33 30 20 39 35 38 34 8 3 4 9 27 26 56 19 46 1 40 51 12 29 17 13 47 10 50 48 52 23 21 45 15 53 14 32 16 2 28 0 6 18 11 37 
12 13 11 56 10 26 8 9 54 47 43 38 39 35 18 0 37 34 51 17 50 48 52 28 45 32 44 2 3 1 19 16 20 14 53 55 33 40 59 57 58 46 23 24 21 4 6 22 5 25 49 36 7 30 41 29 42 15 31 27 
51 12 40 53 54 55 43 59 48 37 28 47 32 44 39 35 38 42 13 11 56 10 26 8 9 18 0 34 49 36 58 22 30 20 50 52 19 17 45 46 33 25 24 27 41 5 3 29 7 57 6 31 4 14 15 16 2 21 1 23 
43 59 54 5 40 3 51 12 30 41 29 49 7 17 38 56 39 13 42 57 35 36 34 58 25 24 27 26 47 10 8 50 48 52 22 20 21 44 14 16 4 9 18 0 37 53 55 28 32 11 31 6 33 45 2 46 15 19 23 1 
39 35 38 42 43 44 54 47 41 22 24 59 57 55 51 12 40 53 36 34 49 5 7 3 4 20 21 11 56 13 17 37 50 18 30 29 14 58 27 15 31 6 28 45 48 10 8 52 26 32 25 33 9 19 46 1 23 0 16 2 
59 42 57 35 36 34 58 25 40 49 51 39 38 56 24 27 41 26 43 44 22 30 20 29 14 7 17 15 55 23 21 46 52 45 5 3 4 54 12 11 8 16 1 18 19 33 31 50 53 9 47 10 32 48 37 28 13 2 6 0 
30 41 29 40 49 51 7 17 35 36 34 5 3 4 44 31 42 6 22 24 43 59 54 57 55 58 25 33 14 32 47 45 2 46 39 38 56 20 8 10 12 53 48 37 28 15 27 0 16 13 21 11 23 1 18 19 9 52 26 50 
40 49 51 36 39 58 38 56 22 30 20 35 34 8 54 47 43 10 5 7 59 42 57 44 31 29 14 32 12 53 55 48 37 28 41 24 27 3 21 23 25 33 52 19 50 13 17 18 11 26 4 9 6 0 1 2 16 45 15 46 
7 17 49 15 29 27 30 41 2 28 0 14 16 20 42 43 44 22 6 13 31 32 33 47 53 48 37 54 5 59 57 39 35 38 45 46 52 4 1 19 23 55 58 25 36 40 51 34 3 24 11 21 12 8 9 10 18 56 50 26 
31 32 33 14 15 16 27 23 7 17 49 29 30 41 46 52 45 24 44 47 2 28 0 48 37 13 51 50 57 19 1 26 58 56 6 4 11 42 5 3 20 18 9 34 25 55 53 36 59 21 43 22 54 39 35 38 40 10 12 8 
27 23 15 55 33 53 31 32 58 25 36 57 59 42 45 2 46 44 24 21 52 19 50 1 18 9 34 0 29 28 48 6 7 4 26 56 10 41 39 38 54 37 13 51 17 14 16 49 30 47 22 43 20 5 40 3 35 11 8 12 
13 51 17 50 48 52 28 45 10 38 8 37 18 0 32 44 47 2 12 40 53 54 55 43 59 39 35 42 6 31 33 29 14 30 56 26 58 11 9 25 19 57 27 23 15 7 49 16 4 46 3 1 5 20 21 22 34 41 36 24 
47 53 32 12 13 11 17 6 38 56 39 51 40 49 28 45 48 7 54 55 37 50 18 52 19 26 58 46 44 2 0 15 29 27 10 8 9 43 35 34 3 1 16 20 14 31 33 30 42 4 59 5 57 41 22 24 36 23 25 21 
42 43 44 22 30 20 29 14 36 39 58 41 24 27 7 17 49 15 59 54 5 40 3 51 12 38 56 13 31 6 4 28 45 48 35 34 8 57 25 9 21 11 0 1 2 32 47 46 33 16 55 23 53 52 19 50 26 37 10 18 
56 10 26 47 53 32 55 33 51 12 40 54 43 59 52 19 50 57 38 8 48 37 28 18 0 11 3 1 58 46 45 23 24 21 13 17 6 39 49 7 44 2 15 29 27 25 9 41 36 31 35 42 34 22 30 20 5 16 4 14 
54 47 43 10 38 8 39 35 50 48 52 56 26 58 40 49 51 36 53 32 12 13 11 17 6 28 45 7 59 5 3 30 41 29 37 18 0 55 19 1 9 4 20 21 22 42 44 24 57 34 33 25 31 27 23 15 46 14 2 16 
55 33 53 25 26 9 56 10 24 27 41 58 36 39 50 48 52 38 57 31 19 46 1 45 2 15 29 28 54 37 18 13 51 17 23 21 16 59 22 20 34 0 11 3 12 47 32 40 43 8 42 35 44 49 5 7 30 6 14 4 
50 48 52 38 56 39 26 58 12 13 11 10 8 9 55 33 53 25 37 28 54 47 43 32 44 17 6 31 19 57 59 27 23 15 51 40 49 18 3 5 35 42 41 22 24 46 45 21 1 36 0 34 2 16 20 14 4 29 7 30 
38 56 39 13 51 17 40 49 37 50 18 12 11 3 43 59 54 5 10 26 47 53 32 55 33 52 19 57 35 42 44 41 22 24 48 28 45 8 0 2 6 31 29 14 30 36 58 20 34 7 9 4 25 21 16 23 1 27 46 15 
26 58 56 46 52 45 50 48 23 24 21 19 1 18 53 54 55 37 25 36 33 57 31 59 42 41 22 43 10 47 32 51 12 40 27 15 29 9 16 14 2 44 17 6 13 38 39 11 8 28 34 0 35 3 4 5 20 49 30 7 
53 54 55 37 50 18 52 19 13 51 17 48 28 45 26 58 56 46 47 43 10 38 8 39 35 40 49 36 33 25 9 24 27 41 12 11 3 32 6 4 0 34 21 16 23 57 59 15 31 1 44 2 42 29 14 30 7 22 5 20 
24 27 41 26 58 56 36 39 19 46 1 25 9 34 59 42 57 35 23 15 55 33 53 31 32 45 2 44 22 43 54 49 5 7 52 50 48 21 18 37 10 47 51 12 40 30 29 3 20 38 16 8 14 4 11 6 0 17 28 13 
57 55 59 23 24 21 41 22 46 52 45 27 15 29 36 39 58 30 33 53 25 26 9 56 10 50 48 38 42 35 34 40 49 51 19 1 18 31 2 0 16 8 3 4 5 43 54 7 44 20 32 14 47 17 6 13 28 12 37 11 
36 39 58 30 41 29 24 27 5 40 3 22 20 21 57 55 59 23 35 38 42 43 44 54 47 51 12 53 25 33 31 52 19 50 49 7 17 34 4 6 14 32 45 2 46 26 56 1 9 15 8 16 10 18 0 37 11 48 13 28 
