11
-1.0 -0.8412535328311812 -0.41541501300188644 0.142314838273285 0.654860733945285 0.9594929736144974 0.9594929736144975 0.6548607339452852 0.14231483827328523 -0.41541501300188605 -0.8412535328311812
-0.0 -0.5406408174555976 -0.9096319953545183 -0.9898214418809328 -0.7557495743542583 -0.28173255684142967 0.2817325568414294 0.7557495743542582 0.9898214418809327 0.9096319953545186 0.5406408174555974
0 1 2 3 4 5 6 7 8 9 10
1 2 3 4 5 6 7 8 9 10 0
2 3 4 5 6 7 8 9 10 0 1
3 4 5 6 7 8 9 10 0 1 2
4 5 6 7 8 9 10 0 1 2 3
5 6 7 8 9 10 0 1 2 3 4
6 7 8 9 10 0 1 2 3 4 5
7 8 9 10 0 1 2 3 4 5 6
8 9 10 0 1 2 3 4 5 6 7
9 10 0 1 2 3 4 5 6 7 8
10 0 1 2 3 4 5 6 7 8 9
