12
-1.0 -0.8660254037844387 -0.5000000000000001 -6.123233995736766e-17 0.4999999999999998 0.8660254037844387 1.0 0.8660254037844388 0.5000000000000004 1.8369701987210297e-16 -0.5000000000000001 -0.8660254037844384
-0.0 -0.49999999999999994 -0.8660254037844386 -1.0 -0.8660254037844387 -0.49999999999999994 -1.2246467991473532e-16 0.4999999999999997 0.8660254037844384 1.0 0.8660254037844386 0.5000000000000004
0 1 2 3 4 5 6 7 8 9 10 11
1 2 3 4 5 6 7 8 9 10 11 0
2 3 4 5 6 7 8 9 10 11 0 1
3 4 5 6 7 8 9 10 11 0 1 2
4 5 6 7 8 9 10 11 0 1 2 3
5 6 7 8 9 10 11 0 1 2 3 4
6 7 8 9 10 11 0 1 2 3 4 5
7 8 9 10 11 0 1 2 3 4 5 6
8 9 10 11 0 1 2 3 4 5 6 7
9 10 11 0 1 2 3 4 5 6 7 8
10 11 0 1 2 3 4 5 6 7 8 9
11 0 1 2 3 4 5 6 7 8 9 10
