13
-1.0 -0.8854560256532099 -0.5680647467311559 -0.120536680255323 0.35460488704253545 0.7485107481711012 0.970941817426052 0.9709418174260521 0.7485107481711013 0.3546048870425359 -0.1205366802553232 -0.5680647467311548 -0.88545602565321
-0.0 -0.4647231720437685 -0.8229838658936564 -0.992708874098054 -0.9350162426854148 -0.6631226582407952 -0.23931566428755768 0.23931566428755743 0.663122658240795 0.9350162426854147 0.992708874098054 0.822983865893657 0.4647231720437684
0 1 2 3 4 5 6 7 8 9 10 11 12
1 2 3 4 5 6 7 8 9 10 11 12 0
2 3 4 5 6 7 8 9 10 11 12 0 1
3 4 5 6 7 8 9 10 11 12 0 1 2
4 5 6 7 8 9 10 11 12 0 1 2 3
5 6 7 8 9 10 11 12 0 1 2 3 4
6 7 8 9 10 11 12 0 1 2 3 4 5
7 8 9 10 11 12 0 1 2 3 4 5 6
8 9 10 11 12 0 1 2 3 4 5 6 7
9 10 11 12 0 1 2 3 4 5 6 7 8
10 11 12 0 1 2 3 4 5 6 7 8 9
11 12 0 1 2 3 4 5 6 7 8 9 10
12 0 1 2 3 4 5 6 7 8 9 10 11
