14
-1.0 -0.9009688679024191 -0.6234898018587336 -0.22252093395631445 0.22252093395631434 0.6234898018587335 0.900968867902419 1.0 0.9009688679024191 0.6234898018587337 0.2225209339563146 -0.22252093395631334 -0.6234898018587334 -0.9009688679024194
-0.0 -0.4338837391175581 -0.7818314824680298 -0.9749279121818236 -0.9749279121818236 -0.7818314824680299 -0.43388373911755823 -1.2246467991473532e-16 0.433883739117558 0.7818314824680297 0.9749279121818236 0.9749279121818238 0.7818314824680299 0.4338837391175575
0 1 2 3 4 5 6 7 8 9 10 11 12 13
1 2 3 4 5 6 7 8 9 10 11 12 13 0
2 3 4 5 6 7 8 9 10 11 12 13 0 1
3 4 5 6 7 8 9 10 11 12 13 0 1 2
4 5 6 7 8 9 10 11 12 13 0 1 2 3
5 6 7 8 9 10 11 12 13 0 1 2 3 4
6 7 8 9 10 11 12 13 0 1 2 3 4 5
7 8 9 10 11 12 13 0 1 2 3 4 5 6
8 9 10 11 12 13 0 1 2 3 4 5 6 7
9 10 11 12 13 0 1 2 3 4 5 6 7 8
10 11 12 13 0 1 2 3 4 5 6 7 8 9
11 12 13 0 1 2 3 4 5 6 7 8 9 10
12 13 0 1 2 3 4 5 6 7 8 9 10 11
13 0 1 2 3 4 5 6 7 8 9 10 11 12
