15
-1.0 -0.9135454576426009 -0.6691306063588582 -0.30901699437494745 0.10452846326765333 0.4999999999999998 0.8090169943749473 0.9781476007338057 0.9781476007338057 0.8090169943749476 0.5000000000000004 0.10452846326765423 -0.30901699437494723 -0.6691306063588585 -0.913545457642601
-0.0 -0.40673664307580015 -0.7431448254773941 -0.9510565162951535 -0.9945218953682734 -0.8660254037844387 -0.5877852522924732 -0.20791169081775931 0.20791169081775907 0.587785252292473 0.8660254037844384 0.9945218953682733 0.9510565162951536 0.743144825477394 0.40673664307580015
0 1 2 3 4 5 6 7 8 9 10 11 12 13 14
1 2 3 4 5 6 7 8 9 10 11 12 13 14 0
2 3 4 5 6 7 8 9 10 11 12 13 14 0 1
3 4 5 6 7 8 9 10 11 12 13 14 0 1 2
4 5 6 7 8 9 10 11 12 13 14 0 1 2 3
5 6 7 8 9 10 11 12 13 14 0 1 2 3 4
6 7 8 9 10 11 12 13 14 0 1 2 3 4 5
7 8 9 10 11 12 13 14 0 1 2 3 4 5 6
8 9 10 11 12 13 14 0 1 2 3 4 5 6 7
9 10 11 12 13 14 0 1 2 3 4 5 6 7 8
10 11 12 13 14 0 1 2 3 4 5 6 7 8 9
11 12 13 14 0 1 2 3 4 5 6 7 8 9 10
12 13 14 0 1 2 3 4 5 6 7 8 9 10 11
13 14 0 1 2 3 4 5 6 7 8 9 10 11 12
14 0 1 2 3 4 5 6 7 8 9 10 11 12 13
