16
-1.0 -0.9238795325112867 -0.7071067811865476 -0.38268343236508984 -6.123233995736766e-17 0.3826834323650897 0.7071067811865475 0.9238795325112867 1.0 0.9238795325112868 0.7071067811865477 0.38268343236509034 1.8369701987210297e-16 -0.38268343236509 -0.7071067811865474 -0.9238795325112865
-0.0 -0.3826834323650898 -0.7071067811865475 -0.9238795325112867 -1.0 -0.9238795325112867 -0.7071067811865476 -0.3826834323650899 -1.2246467991473532e-16 0.38268343236508967 0.7071067811865475 0.9238795325112865 1.0 0.9238795325112866 0.7071067811865477 0.3826834323650904
0 1 2 3 4 5 6 7 8 9 10 11 12 13 14 15
1 2 3 4 5 6 7 8 9 10 11 12 13 14 15 0
2 3 4 5 6 7 8 9 10 11 12 13 14 15 0 1
3 4 5 6 7 8 9 10 11 12 13 14 15 0 1 2
4 5 6 7 8 9 10 11 12 13 14 15 0 1 2 3
5 6 7 8 9 10 11 12 13 14 15 0 1 2 3 4
6 7 8 9 10 11 12 13 14 15 0 1 2 3 4 5
7 8 9 10 11 12 13 14 15 0 1 2 3 4 5 6
8 9 10 11 12 13 14 15 0 1 2 3 4 5 6 7
9 10 11 12 13 14 15 0 1 2 3 4 5 6 7 8
10 11 12 13 14 15 0 1 2 3 4 5 6 7 8 9
11 12 13 14 15 0 1 2 3 4 5 6 7 8 9 10
12 13 14 15 0 1 2 3 4 5 6 7 8 9 10 11
13 14 15 0 1 2 3 4 5 6 7 8 9 10 11 12
14 15 0 1 2 3 4 5 6 7 8 9 10 11 12 13
15 0 1 2 3 4 5 6 7 8 9 10 11 12 13 14
